              precision    recall  f1-score   support

           0       1.00      1.00      1.00         1
           1       1.00      0.67      0.80         3
           2       0.50      1.00      0.67         1
           3       1.00      1.00      1.00         3
           4       1.00      1.00      1.00         3
           5       1.00      1.00      1.00         4
           6       1.00      1.00      1.00         5

    accuracy                           0.95        20
   macro avg       0.93      0.95      0.92        20
weighted avg       0.97      0.95      0.95        20
